23
104
123
225
78
224
481
330
233
223
94
130
346
487
445
305
116
250
489
338
463
135
197
209
130
224
408
237
474
420
372
293
355
234
61
56
106
184
75
382
119
241
432
184
279
279
283
167
336
125
118
237
28
119
77
237
91
56
295
60
401
293
432
136
80
375
407
184
74
219
290
476
41
351
329
290
474
72
91
189
287
490
239
393
53
63
181
403
5
176
479
195
139
468
498
83
139
15
121
493
326
222
338
328
81
399
478
391
23
443
334
243
349
202
207
2
141
187
346
391
137
413
400
316
190
162
435
126
410
377
382
260
189
205
374
163
222
195
66
360
38
88
311
245
467
425
367
189
42
63
47
2
117
99
23
226
203
48
51
70
136
458
467
456
405
31
462
319
475
56
31
495
44
91
303
388
415
450
319
272
291
383
133
275
142
69
300
454
78
85
257
333
393
490
103
250
233
222
271
111
490
338
141
258
47
352
158
479
302
183
490
2
68
422
395
135
8
361
242
194
199
188
178
42
357
441
347
469
345
380
413
464
210
61
385
73
4
462
203
102
69
154
29
52
74
149
230
244
344
49
118
65
363
52
273
470
231
247
11
369
398
498
103
352
179
53
43
22
88
63
334
350
22
240
411
492
151
80
477
116
376
178
220
115
348
298
179
135
357
383
162
402
262
420
270
22
273
341
186
388
417
217
392
198
267
249
65
389
432
119
81
3
130
28
131
89
152
130
172
364
407
295
428
181
490
110
177
71
236
459
143
340
133
37
393
130
274
493
282
203
461
290
162
307
497
151
423
390
217
140
203
66
383
161
159
245
386
151
265
101
340
209
497
283
250
58
421
175
81
287
271
287
499
4
479
138
200
30
461
118
205
40
328
459
122
398
260
98
435
481
114
67
493
96
161
246
38
170
38
476
55
417
371
260
252
258
433
255
65
226
401
34
259
393
48
273
292
193
433
137
103
190
211
194
168
127
498
489
248
379
147
149
431
169
375
98
449
436
99
123
443
231
154
361
434
385
467
316
393
204
366
453
308
223
184
292
167
48
469
430
311
314
90
427
243
104
99
474
195
6
158
89
358
309
389
447
40
318
364
475
26
89
3
66
412
340
70
176
395
141
486
151
109
187
83
85
390
250
186
255
381
128
2
277
362
424
65
372
332
385
428
146
389
478
383
425
265
260
45
278
321
355
20
427
273
134
251
175
336
334