21
330
292
100
278
299
352
448
382
40
315
75
262
67
336
397
418
397
328
351
316
230
449
425
158
229
20
440
60
147
162
155
175
292
361
254
398
146
214
446
188
69
138
163
75
15
21
475
115
28
234
70
405
464
57
462
161
24
49
469
330
423
350
333
425
410
237
336
337
278
393
136
214
164
91
449
135
5
337
4
337
123
164
470
108
68
281
85
152
373
152
194
376
326
396
72
249
140
174
319
443
111
441
289
419
65
305
85
216
450
115
109
64
166
393
74
9
300
195
73
89
161
172
468
358
31
268
426
10
422
274
279
410
52
182
391
495
264
374
364
402
255
460
474
472
321
122
47
77
289
105
195
94
450
343
254
481
12
172
439
428
412
262
467
408
415
408
223
259
434
204
486
319
458
445
306
166
200
367
192
287
32
56
474
447
21
283
222
331
376
83
448
223
482
18
276
220
111
182
356
490
425
324
486
177
469
143
34
177
168
68
491
196
283
328
227
426
371
197
112
203
27
408
45
8
185
238
237
443
313
1
350
128
111
150
149
192
454
369
181
465
267
213
293
134
472
472
330
401
442
177
377
270
202
364
381
90
323
237
23
179
95
169
327
42
310
182
58
426
487
170
28
151
258
213
360
283
286
242
110
472
128
434
341
218
3
367
365
438
381
257
250
114
98
458
161
63
256
307
278
489
435
365
75
86
386
333
360
330
48
428
492
433
340
266
235
310
99
337
392
482
328
352
369
244
294
108
252
147
432
35
208
264
497
243
149
15
341
189
100
312
148
23
351
474
133
391
200
354
490
197
419
280
78
431
44
340
487
399
25
483
38
492
193
252
11
60
334
340
497
285
29
40
305
291
392
210
49
78
479
471
277
73
193
120
497
326
276
290
82
78
159
418
489
159
449
424
72
380
8
467
208
477
3
370
107
196
74
222
111
19
261
56
390
163
183
216
432
452
241
454
313
362
396
460
115
404
99
136
180
198
32
387
84
240
17
6
170
241
382
249
23